Traffic Loading Report
----------------------

Traffic source: Traffic from traffic database                     

Circuit-switched blocking probability:   1.00%

Circuit-switched average call duration:   1.76 minutes

Percent of total traffic carried by group: 100.00 %

          Circuit Traffic  Circuit Traffic   Number of    Channel  Current Blocking Packet Traffic
Sector ID   (mErlangs)    Required Channels Channels Set Shortfall Probability (%)  (average mbps)
--------- --------------- ----------------- ------------ --------- ---------------- --------------
ABAA0001      8729.06             17             24          -7          0.00          8.7291
ABAA0002      2417.94              8              8           0          0.37          2.4179
ABAA0003     11402.10             21             24          -3          0.08         11.4021
ABAB0001     29104.99             44             40           4          0.00         29.1050
ABAB0002      7550.25             16             16           0          0.53          7.5502
ABAB0003     11933.37             22             24          -2          0.15         11.9334
ABAC0001     14110.51             25             32          -7          0.00         14.1105
ABAC0002     15811.76             27             32          -5          0.02         15.8118
ABAC0003     18388.71             30             32          -2          0.27         18.3887
ABAC0004      5357.66             12             16          -4          0.02          5.3577
ABAD0002      4136.44             11             16          -5          0.00          4.1364
ABAD0003      6116.30             14             16          -2          0.07          6.1163
ABAE0001      3662.47             10             16          -6          0.00          3.6625
ABAE0002      7054.51             15             16          -1          0.28          7.0545
ABAF0002     22297.35             35             40          -5          0.00         22.2973
ABAG0003      6194.15             14             16          -2          0.07          6.1942
ABAH0002      5387.44             13             16          -3          0.02          5.3874
ABAH0003      8324.02             17             24          -7          0.00          8.3240
ABAI0003       899.89              5             16         -11          0.00          0.8999
ABAI0004      4433.60             11             16          -5          0.00          4.4336
ABAJ0001      9911.51             19             24          -5          0.01          9.9115
ABAJ0002      2123.85              7              8          -1          0.17          2.1239
ABAK0001       608.89              4              8          -4          0.00          0.6089
ABAL0001      2840.78              8              8           0          0.95          2.8408
ABAL0002       371.98              3              8          -5          0.00          0.3720
ABAN0001      2294.80              7              8          -1          0.27          2.2948
ABAO0001         0.00              1              8          -7          0.00          0.0000
ABAO0002      5729.47             13             16          -3          0.03          5.7295
ABAP0001      4619.60             11             16          -5          0.00          4.6196
ABAQ0001       854.94              5              8          -3          0.00          0.8549
ABAR0001      1178.92              5              8          -3          0.00          1.1789
ABAU0001       332.92              3              8          -5          0.00          0.3329
ABAW0001       392.96              3              8          -5          0.00          0.3930
ABAX0001      4124.77             11              8           3          6.86          4.1248
ABAX0002       842.85              5              8          -3          0.00          0.8428
ABBA0001     19354.55             31             32          -1          0.57         19.3545
ABBA0002      4388.68             11             16          -5          0.00          4.3887
ABBA0003     13862.12             24             32          -8          0.00         13.8621
